asdasd
0.01
-10
10
//
Результаты:
-635.93 -9.99 
-317.57 -9.98 
-211.41 -9.97 
-158.31 -9.96 
-126.43 -9.95 
-105.15 -9.94 
-89.94 -9.93 
-78.52 -9.92 
-69.63 -9.91 
-62.51 -9.90 
-56.67 -9.89 
-51.79 -9.88 
-47.66 -9.87 
-44.11 -9.86 
-41.03 -9.85 
-38.32 -9.84 
-35.93 -9.83 
-33.80 -9.82 
-31.89 -9.81 
-30.16 -9.80 
-28.59 -9.79 
-27.16 -9.78 
-25.86 -9.77 
-24.65 -9.76 
-23.54 -9.75 
-22.51 -9.74 
-21.55 -9.73 
-20.66 -9.72 
-19.82 -9.71 
-19.04 -9.70 
-18.30 -9.69 
-17.61 -9.68 
-16.95 -9.67 
-16.33 -9.66 
-15.75 -9.65 
-15.19 -9.64 
-14.66 -9.63 
-14.16 -9.62 
-13.67 -9.61 
-13.21 -9.60 
-12.77 -9.59 
-12.35 -9.58 
-11.95 -9.57 
-11.56 -9.56 
-11.18 -9.55 
-10.82 -9.54 
-10.47 -9.53 
-10.14 -9.52 
-9.81 -9.51 
-9.50 -9.50 
-9.20 -9.49 
-8.90 -9.48 
-8.62 -9.47 
-8.34 -9.46 
-8.07 -9.45 
-7.81 -9.44 
-7.55 -9.43 
-7.31 -9.42 
-7.07 -9.41 
-6.83 -9.40 
-6.60 -9.39 
-6.37 -9.38 
-6.15 -9.37 
-5.94 -9.36 
-5.73 -9.35 
-5.52 -9.34 
-5.32 -9.33 
-5.12 -9.32 
-4.93 -9.31 
-4.74 -9.30 
-4.55 -9.29 
-4.37 -9.28 
-4.19 -9.27 
-4.01 -9.26 
-3.83 -9.25 
-3.66 -9.24 
-3.49 -9.23 
-3.32 -9.22 
-3.15 -9.21 
-2.99 -9.20 
-2.83 -9.19 
-2.67 -9.18 
-2.51 -9.17 
-2.35 -9.16 
-2.20 -9.15 
-2.04 -9.14 
-1.89 -9.13 
-1.74 -9.12 
-1.59 -9.11 
-1.44 -9.10 
-1.29 -9.09 
-1.15 -9.08 
-1.00 -9.07 
-0.86 -9.06 
-0.71 -9.05 
-0.57 -9.04 
-0.43 -9.03 
-0.28 -9.02 
-0.14 -9.01 
0.14 -8.99 
0.28 -8.98 
0.42 -8.97 
0.56 -8.96 
0.70 -8.95 
0.85 -8.94 
0.99 -8.93 
1.13 -8.92 
1.27 -8.91 
1.41 -8.90 
1.55 -8.89 
1.69 -8.88 
1.84 -8.87 
1.98 -8.86 
2.12 -8.85 
2.27 -8.84 
2.42 -8.83 
2.56 -8.82 
2.71 -8.81 
2.86 -8.80 
3.01 -8.79 
3.16 -8.78 
3.31 -8.77 
3.47 -8.76 
3.62 -8.75 
3.78 -8.74 
3.94 -8.73 
4.10 -8.72 
4.27 -8.71 
4.43 -8.70 
4.60 -8.69 
4.77 -8.68 
4.95 -8.67 
5.12 -8.66 
5.30 -8.65 
5.48 -8.64 
5.67 -8.63 
5.86 -8.62 
6.05 -8.61 
6.25 -8.60 
6.45 -8.59 
6.66 -8.58 
6.87 -8.57 
7.08 -8.56 
7.30 -8.55 
7.53 -8.54 
7.76 -8.53 
8.00 -8.52 
8.25 -8.51 
8.50 -8.50 
8.76 -8.49 
9.03 -8.48 
9.31 -8.47 
9.60 -8.46 
9.89 -8.45 
10.20 -8.44 
10.52 -8.43 
10.85 -8.42 
11.20 -8.41 
11.56 -8.40 
11.94 -8.39 
12.33 -8.38 
12.74 -8.37 
13.17 -8.36 
13.63 -8.35 
14.10 -8.34 
14.60 -8.33 
15.13 -8.32 
15.69 -8.31 
16.29 -8.30 
16.92 -8.29 
17.60 -8.28 
18.32 -8.27 
19.09 -8.26 
19.92 -8.25 
20.81 -8.24 
21.78 -8.23 
22.83 -8.22 
23.98 -8.21 
25.24 -8.20 
26.62 -8.19 
28.16 -8.18 
29.86 -8.17 
31.78 -8.16 
33.95 -8.15 
36.42 -8.14 
39.26 -8.13 
42.57 -8.12 
46.47 -8.11 
51.14 -8.10 
56.84 -8.09 
63.96 -8.08 
73.10 -8.07 
85.27 -8.06 
102.28 -8.05 
127.79 -8.04 
170.28 -8.03 
255.20 -8.02 
509.89 -8.01 
-508.62 -7.99 
-253.93 -7.98 
-169.00 -7.97 
-126.52 -7.96 
-101.01 -7.95 
-84.00 -7.94 
-71.83 -7.93 
-62.69 -7.92 
-55.58 -7.91 
-49.88 -7.90 
-45.21 -7.89 
-41.31 -7.88 
-38.00 -7.87 
-35.16 -7.86 
-32.70 -7.85 
-30.53 -7.84 
-28.62 -7.83 
-26.92 -7.82 
-25.39 -7.81 
-24.01 -7.80 
-22.75 -7.79 
-21.61 -7.78 
-20.56 -7.77 
-19.60 -7.76 
-18.71 -7.75 
-17.89 -7.74 
-17.12 -7.73 
-16.41 -7.72 
-15.74 -7.71 
-15.11 -7.70 
-14.52 -7.69 
-13.97 -7.68 
-13.45 -7.67 
-12.95 -7.66 
-12.48 -7.65 
-12.04 -7.64 
-11.62 -7.63 
-11.21 -7.62 
-10.83 -7.61 
-10.46 -7.60 
-10.11 -7.59 
-9.77 -7.58 
-9.45 -7.57 
-9.14 -7.56 
-8.84 -7.55 
-8.55 -7.54 
-8.28 -7.53 
-8.01 -7.52 
-7.75 -7.51 
-7.50 -7.50 
-7.26 -7.49 
-7.02 -7.48 
-6.80 -7.47 
-6.58 -7.46 
-6.36 -7.45 
-6.15 -7.44 
-5.95 -7.43 
-5.76 -7.42 
-5.56 -7.41 
-5.38 -7.40 
-5.19 -7.39 
-5.02 -7.38 
-4.84 -7.37 
-4.67 -7.36 
-4.50 -7.35 
-4.34 -7.34 
-4.18 -7.33 
-4.02 -7.32 
-3.87 -7.31 
-3.72 -7.30 
-3.57 -7.29 
-3.43 -7.28 
-3.28 -7.27 
-3.14 -7.26 
-3.00 -7.25 
-2.87 -7.24 
-2.73 -7.23 
-2.60 -7.22 
-2.47 -7.21 
-2.34 -7.20 
-2.21 -7.19 
-2.09 -7.18 
-1.96 -7.17 
-1.84 -7.16 
-1.72 -7.15 
-1.60 -7.14 
-1.48 -7.13 
-1.36 -7.12 
-1.24 -7.11 
-1.12 -7.10 
-1.01 -7.09 
-0.89 -7.08 
-0.78 -7.07 
-0.67 -7.06 
-0.55 -7.05 
-0.44 -7.04 
-0.33 -7.03 
-0.22 -7.02 
-0.11 -7.01 
0.11 -6.99 
0.22 -6.98 
0.33 -6.97 
0.44 -6.96 
0.55 -6.95 
0.66 -6.94 
0.77 -6.93 
0.87 -6.92 
0.98 -6.91 
1.09 -6.90 
1.20 -6.89 
1.31 -6.88 
1.42 -6.87 
1.53 -6.86 
1.64 -6.85 
1.76 -6.84 
1.87 -6.83 
1.98 -6.82 
2.10 -6.81 
2.21 -6.80 
2.32 -6.79 
2.44 -6.78 
2.56 -6.77 
2.68 -6.76 
2.80 -6.75 
2.92 -6.74 
3.04 -6.73 
3.16 -6.72 
3.29 -6.71 
3.41 -6.70 
3.54 -6.69 
3.67 -6.68 
3.80 -6.67 
3.94 -6.66 
4.08 -6.65 
4.21 -6.64 
4.36 -6.63 
4.50 -6.62 
4.65 -6.61 
4.80 -6.60 
4.95 -6.59 
5.10 -6.58 
5.26 -6.57 
5.43 -6.56 
5.59 -6.55 
5.77 -6.54 
5.94 -6.53 
6.12 -6.52 
6.31 -6.51 
6.50 -6.50 
6.70 -6.49 
6.90 -6.48 
7.11 -6.47 
7.33 -6.46 
7.55 -6.45 
7.78 -6.44 
8.03 -6.43 
8.28 -6.42 
8.54 -6.41 
8.81 -6.40 
9.09 -6.39 
9.39 -6.38 
9.70 -6.37 
10.02 -6.36 
10.36 -6.35 
10.72 -6.34 
11.10 -6.33 
11.50 -6.32 
11.92 -6.31 
12.36 -6.30 
12.84 -6.29 
13.35 -6.28 
13.89 -6.27 
14.47 -6.26 
15.09 -6.25 
15.76 -6.24 
16.49 -6.23 
17.28 -6.22 
18.14 -6.21 
19.08 -6.20 
20.12 -6.19 
21.27 -6.18 
22.55 -6.17 
23.99 -6.16 
25.62 -6.15 
27.47 -6.14 
29.60 -6.13 
32.08 -6.12 
35.01 -6.11 
38.51 -6.10 
42.79 -6.09 
48.13 -6.08 
54.98 -6.07 
64.11 -6.06 
76.87 -6.05 
96.00 -6.04 
127.87 -6.03 
191.56 -6.02 
382.58 -6.01 
-381.30 -5.99 
-190.29 -5.98 
-126.59 -5.97 
-94.73 -5.96 
-75.60 -5.95 
-62.84 -5.94 
-53.71 -5.93 
-46.86 -5.92 
-41.53 -5.91 
-37.25 -5.90 
-33.75 -5.89 
-30.82 -5.88 
-28.35 -5.87 
-26.22 -5.86 
-24.37 -5.85 
-22.75 -5.84 
-21.31 -5.83 
-20.03 -5.82 
-18.89 -5.81 
-17.85 -5.80 
-16.91 -5.79 
-16.05 -5.78 
-15.27 -5.77 
-14.55 -5.76 
-13.88 -5.75 
-13.26 -5.74 
-12.69 -5.73 
-12.16 -5.72 
-11.66 -5.71 
-11.19 -5.70 
-10.75 -5.69 
-10.33 -5.68 
-9.94 -5.67 
-9.57 -5.66 
-9.22 -5.65 
-8.89 -5.64 
-8.57 -5.63 
-8.27 -5.62 
-7.98 -5.61 
-7.71 -5.60 
-7.45 -5.59 
-7.19 -5.58 
-6.95 -5.57 
-6.72 -5.56 
-6.50 -5.55 
-6.28 -5.54 
-6.08 -5.53 
-5.88 -5.52 
-5.69 -5.51 
-5.50 -5.50 
-5.32 -5.49 
-5.15 -5.48 
-4.98 -5.47 
-4.81 -5.46 
-4.65 -5.45 
-4.50 -5.44 
-4.35 -5.43 
-4.20 -5.42 
-4.06 -5.41 
-3.92 -5.40 
-3.79 -5.39 
-3.66 -5.38 
-3.53 -5.37 
-3.40 -5.36 
-3.28 -5.35 
-3.16 -5.34 
-3.04 -5.33 
-2.92 -5.32 
-2.81 -5.31 
-2.70 -5.30 
-2.59 -5.29 
-2.48 -5.28 
-2.38 -5.27 
-2.28 -5.26 
-2.17 -5.25 
-2.07 -5.24 
-1.98 -5.23 
-1.88 -5.22 
-1.78 -5.21 
-1.69 -5.20 
-1.60 -5.19 
-1.50 -5.18 
-1.41 -5.17 
-1.32 -5.16 
-1.24 -5.15 
-1.15 -5.14 
-1.06 -5.13 
-0.98 -5.12 
-0.89 -5.11 
-0.81 -5.10 
-0.72 -5.09 
-0.64 -5.08 
-0.56 -5.07 
-0.48 -5.06 
-0.40 -5.05 
-0.32 -5.04 
-0.24 -5.03 
-0.16 -5.02 
-0.08 -5.01 
0.08 -4.99 
0.16 -4.98 
0.23 -4.97 
0.31 -4.96 
0.39 -4.95 
0.47 -4.94 
0.54 -4.93 
0.62 -4.92 
0.70 -4.91 
0.78 -4.90 
0.85 -4.89 
0.93 -4.88 
1.01 -4.87 
1.09 -4.86 
1.16 -4.85 
1.24 -4.84 
1.32 -4.83 
1.40 -4.82 
1.48 -4.81 
1.56 -4.80 
1.64 -4.79 
1.72 -4.78 
1.80 -4.77 
1.88 -4.76 
1.97 -4.75 
2.05 -4.74 
2.14 -4.73 
2.22 -4.72 
2.31 -4.71 
2.39 -4.70 
2.48 -4.69 
2.57 -4.68 
2.66 -4.67 
2.76 -4.66 
2.85 -4.65 
2.94 -4.64 
3.04 -4.63 
3.14 -4.62 
3.24 -4.61 
3.34 -4.60 
3.45 -4.59 
3.55 -4.58 
3.66 -4.57 
3.77 -4.56 
3.89 -4.55 
4.00 -4.54 
4.12 -4.53 
4.24 -4.52 
4.37 -4.51 
4.50 -4.50 
4.63 -4.49 
4.77 -4.48 
4.91 -4.47 
5.06 -4.46 
5.21 -4.45 
5.37 -4.44 
5.53 -4.43 
5.70 -4.42 
5.87 -4.41 
6.06 -4.40 
6.25 -4.39 
6.44 -4.38 
6.65 -4.37 
6.87 -4.36 
7.10 -4.35 
7.34 -4.34 
7.59 -4.33 
7.86 -4.32 
8.14 -4.31 
8.44 -4.30 
8.76 -4.29 
9.10 -4.28 
9.46 -4.27 
9.84 -4.26 
10.26 -4.25 
10.71 -4.24 
11.19 -4.23 
11.72 -4.22 
12.30 -4.21 
12.93 -4.20 
13.62 -4.19 
14.39 -4.18 
15.24 -4.17 
16.20 -4.16 
17.29 -4.15 
18.52 -4.14 
19.94 -4.13 
21.60 -4.12 
23.55 -4.11 
25.89 -4.10 
28.74 -4.09 
32.30 -4.08 
36.87 -4.07 
42.95 -4.06 
51.46 -4.05 
64.21 -4.04 
85.46 -4.03 
127.92 -4.02 
255.26 -4.01 
-253.99 -3.99 
-126.65 -3.98 
-84.18 -3.97 
-62.94 -3.96 
-50.19 -3.95 
-41.68 -3.94 
-35.60 -3.93 
-31.03 -3.92 
-27.47 -3.91 
-24.62 -3.90 
-22.29 -3.89 
-20.34 -3.88 
-18.69 -3.87 
-17.27 -3.86 
-16.04 -3.85 
-14.96 -3.84 
-14.00 -3.83 
-13.15 -3.82 
-12.38 -3.81 
-11.70 -3.80 
-11.07 -3.79 
-10.50 -3.78 
-9.98 -3.77 
-9.50 -3.76 
-9.05 -3.75 
-8.64 -3.74 
-8.26 -3.73 
-7.91 -3.72 
-7.57 -3.71 
-7.26 -3.70 
-6.97 -3.69 
-6.69 -3.68 
-6.43 -3.67 
-6.19 -3.66 
-5.96 -3.65 
-5.74 -3.64 
-5.53 -3.63 
-5.33 -3.62 
-5.14 -3.61 
-4.95 -3.60 
-4.78 -3.59 
-4.62 -3.58 
-4.46 -3.57 
-4.30 -3.56 
-4.16 -3.55 
-4.02 -3.54 
-3.88 -3.53 
-3.75 -3.52 
-3.62 -3.51 
-3.50 -3.50 
-3.38 -3.49 
-3.27 -3.48 
-3.16 -3.47 
-3.05 -3.46 
-2.95 -3.45 
-2.85 -3.44 
-2.75 -3.43 
-2.65 -3.42 
-2.56 -3.41 
-2.47 -3.40 
-2.38 -3.39 
-2.30 -3.38 
-2.21 -3.37 
-2.13 -3.36 
-2.05 -3.35 
-1.98 -3.34 
-1.90 -3.33 
-1.83 -3.32 
-1.75 -3.31 
-1.68 -3.30 
-1.61 -3.29 
-1.54 -3.28 
-1.48 -3.27 
-1.41 -3.26 
-1.35 -3.25 
-1.28 -3.24 
-1.22 -3.23 
-1.16 -3.22 
-1.10 -3.21 
-1.04 -3.20 
-0.98 -3.19 
-0.92 -3.18 
-0.87 -3.17 
-0.81 -3.16 
-0.76 -3.15 
-0.70 -3.14 
-0.65 -3.13 
-0.60 -3.12 
-0.54 -3.11 
-0.49 -3.10 
-0.44 -3.09 
-0.39 -3.08 
-0.34 -3.07 
-0.29 -3.06 
-0.24 -3.05 
-0.19 -3.04 
-0.14 -3.03 
-0.09 -3.02 
-0.05 -3.01 
0.05 -2.99 
0.09 -2.98 
0.14 -2.97 
0.19 -2.96 
0.23 -2.95 
0.28 -2.94 
0.32 -2.93 
0.37 -2.92 
0.41 -2.91 
0.46 -2.90 
0.50 -2.89 
0.55 -2.88 
0.59 -2.87 
0.64 -2.86 
0.68 -2.85 
0.73 -2.84 
0.77 -2.83 
0.82 -2.82 
0.86 -2.81 
0.91 -2.80 
0.96 -2.79 
1.00 -2.78 
1.05 -2.77 
1.09 -2.76 
1.14 -2.75 
1.19 -2.74 
1.23 -2.73 
1.28 -2.72 
1.33 -2.71 
1.38 -2.70 
1.42 -2.69 
1.47 -2.68 
1.52 -2.67 
1.57 -2.66 
1.62 -2.65 
1.68 -2.64 
1.73 -2.63 
1.78 -2.62 
1.83 -2.61 
1.89 -2.60 
1.94 -2.59 
2.00 -2.58 
2.06 -2.57 
2.12 -2.56 
2.18 -2.55 
2.24 -2.54 
2.30 -2.53 
2.37 -2.52 
2.43 -2.51 
2.50 -2.50 
2.57 -2.49 
2.64 -2.48 
2.71 -2.47 
2.79 -2.46 
2.87 -2.45 
2.95 -2.44 
3.03 -2.43 
3.12 -2.42 
3.21 -2.41 
3.30 -2.40 
3.40 -2.39 
3.50 -2.38 
3.61 -2.37 
3.72 -2.36 
3.83 -2.35 
3.96 -2.34 
4.08 -2.33 
4.22 -2.32 
4.36 -2.31 
4.51 -2.30 
4.67 -2.29 
4.85 -2.28 
5.03 -2.27 
5.22 -2.26 
5.43 -2.25 
5.66 -2.24 
5.90 -2.23 
6.17 -2.22 
6.45 -2.21 
6.77 -2.20 
7.12 -2.19 
7.50 -2.18 
7.93 -2.17 
8.41 -2.16 
8.96 -2.15 
9.57 -2.14 
10.29 -2.13 
11.11 -2.12 
12.09 -2.11 
13.26 -2.10 
14.69 -2.09 
16.46 -2.08 
18.75 -2.07 
21.79 -2.06 
26.05 -2.05 
32.42 -2.04 
43.05 -2.03 
64.28 -2.02 
127.95 -2.01 
-126.68 -1.99 
-63.00 -1.98 
-41.77 -1.97 
-31.15 -1.96 
-24.78 -1.95 
-20.52 -1.94 
-17.48 -1.93 
-15.20 -1.92 
-13.42 -1.91 
-12.00 -1.90 
-10.83 -1.89 
-9.86 -1.88 
-9.03 -1.87 
-8.32 -1.86 
-7.71 -1.85 
-7.17 -1.84 
-6.69 -1.83 
-6.26 -1.82 
-5.88 -1.81 
-5.54 -1.80 
-5.23 -1.79 
-4.94 -1.78 
-4.68 -1.77 
-4.45 -1.76 
-4.22 -1.75 
-4.02 -1.74 
-3.83 -1.73 
-3.66 -1.72 
-3.49 -1.71 
-3.34 -1.70 
-3.19 -1.69 
-3.06 -1.68 
-2.93 -1.67 
-2.81 -1.66 
-2.69 -1.65 
-2.58 -1.64 
-2.48 -1.63 
-2.38 -1.62 
-2.29 -1.61 
-2.20 -1.60 
-2.12 -1.59 
-2.04 -1.58 
-1.96 -1.57 
-1.89 -1.56 
-1.81 -1.55 
-1.75 -1.54 
-1.68 -1.53 
-1.62 -1.52 
-1.56 -1.51 
-1.50 -1.50 
-1.44 -1.49 
-1.39 -1.48 
-1.34 -1.47 
-1.29 -1.46 
-1.24 -1.45 
-1.19 -1.44 
-1.15 -1.43 
-1.10 -1.42 
-1.06 -1.41 
-1.02 -1.40 
-0.98 -1.39 
-0.94 -1.38 
-0.90 -1.37 
-0.86 -1.36 
-0.83 -1.35 
-0.79 -1.34 
-0.76 -1.33 
-0.73 -1.32 
-0.69 -1.31 
-0.66 -1.30 
-0.63 -1.29 
-0.60 -1.28 
-0.57 -1.27 
-0.55 -1.26 
-0.52 -1.25 
-0.49 -1.24 
-0.46 -1.23 
-0.44 -1.22 
-0.41 -1.21 
-0.39 -1.20 
-0.37 -1.19 
-0.34 -1.18 
-0.32 -1.17 
-0.30 -1.16 
-0.28 -1.15 
-0.25 -1.14 
-0.23 -1.13 
-0.21 -1.12 
-0.19 -1.11 
-0.17 -1.10 
-0.16 -1.09 
-0.14 -1.08 
-0.12 -1.07 
-0.10 -1.06 
-0.08 -1.05 
-0.07 -1.04 
-0.05 -1.03 
-0.03 -1.02 
-0.02 -1.01 
0.02 -0.99 
0.03 -0.98 
0.05 -0.97 
0.06 -0.96 
0.07 -0.95 
0.09 -0.94 
0.10 -0.93 
0.12 -0.92 
0.13 -0.91 
0.14 -0.90 
0.16 -0.89 
0.17 -0.88 
0.18 -0.87 
0.19 -0.86 
0.20 -0.85 
0.22 -0.84 
0.23 -0.83 
0.24 -0.82 
0.25 -0.81 
0.26 -0.80 
0.27 -0.79 
0.28 -0.78 
0.29 -0.77 
0.30 -0.76 
0.31 -0.75 
0.32 -0.74 
0.33 -0.73 
0.34 -0.72 
0.35 -0.71 
0.36 -0.70 
0.37 -0.69 
0.37 -0.68 
0.38 -0.67 
0.39 -0.66 
0.40 -0.65 
0.41 -0.64 
0.41 -0.63 
0.42 -0.62 
0.43 -0.61 
0.44 -0.60 
0.44 -0.59 
0.45 -0.58 
0.46 -0.57 
0.46 -0.56 
0.47 -0.55 
0.48 -0.54 
0.48 -0.53 
0.49 -0.52 
0.49 -0.51 
0.50 -0.50 
0.51 -0.49 
0.51 -0.48 
0.52 -0.47 
0.52 -0.46 
0.53 -0.45 
0.53 -0.44 
0.54 -0.43 
0.54 -0.42 
0.55 -0.41 
0.55 -0.40 
0.55 -0.39 
0.56 -0.38 
0.56 -0.37 
0.57 -0.36 
0.57 -0.35 
0.57 -0.34 
0.58 -0.33 
0.58 -0.32 
0.59 -0.31 
0.59 -0.30 
0.59 -0.29 
0.60 -0.28 
0.60 -0.27 
0.60 -0.26 
0.60 -0.25 
0.61 -0.24 
0.61 -0.23 
0.61 -0.22 
0.61 -0.21 
0.62 -0.20 
0.62 -0.19 
0.62 -0.18 
0.62 -0.17 
0.62 -0.16 
0.62 -0.15 
0.63 -0.14 
0.63 -0.13 
0.63 -0.12 
0.63 -0.11 
0.63 -0.10 
0.63 -0.09 
0.63 -0.08 
0.63 -0.07 
0.63 -0.06 
0.64 -0.05 
0.64 -0.04 
0.64 -0.03 
0.64 -0.02 
0.64 -0.01 
0.64 0.01 
0.64 0.02 
0.64 0.03 
0.64 0.04 
0.64 0.05 
0.63 0.06 
0.63 0.07 
0.63 0.08 
0.63 0.09 
0.63 0.10 
0.63 0.11 
0.63 0.12 
0.63 0.13 
0.63 0.14 
0.62 0.15 
0.62 0.16 
0.62 0.17 
0.62 0.18 
0.62 0.19 
0.62 0.20 
0.61 0.21 
0.61 0.22 
0.61 0.23 
0.61 0.24 
0.60 0.25 
0.60 0.26 
0.60 0.27 
0.60 0.28 
0.59 0.29 
0.59 0.30 
0.59 0.31 
0.58 0.32 
0.58 0.33 
0.57 0.34 
0.57 0.35 
0.57 0.36 
0.56 0.37 
0.56 0.38 
0.55 0.39 
0.55 0.40 
0.55 0.41 
0.54 0.42 
0.54 0.43 
0.53 0.44 
0.53 0.45 
0.52 0.46 
0.52 0.47 
0.51 0.48 
0.51 0.49 
0.50 0.50 
0.49 0.51 
0.49 0.52 
0.48 0.53 
0.48 0.54 
0.47 0.55 
0.46 0.56 
0.46 0.57 
0.45 0.58 
0.44 0.59 
0.44 0.60 
0.43 0.61 
0.42 0.62 
0.41 0.63 
0.41 0.64 
0.40 0.65 
0.39 0.66 
0.38 0.67 
0.37 0.68 
0.37 0.69 
0.36 0.70 
0.35 0.71 
0.34 0.72 
0.33 0.73 
0.32 0.74 
0.31 0.75 
0.30 0.76 
0.29 0.77 
0.28 0.78 
0.27 0.79 
0.26 0.80 
0.25 0.81 
0.24 0.82 
0.23 0.83 
0.22 0.84 
0.20 0.85 
0.19 0.86 
0.18 0.87 
0.17 0.88 
0.16 0.89 
0.14 0.90 
0.13 0.91 
0.12 0.92 
0.10 0.93 
0.09 0.94 
0.07 0.95 
0.06 0.96 
0.05 0.97 
0.03 0.98 
0.02 0.99 
-0.02 1.01 
-0.03 1.02 
-0.05 1.03 
-0.07 1.04 
-0.08 1.05 
-0.10 1.06 
-0.12 1.07 
-0.14 1.08 
-0.16 1.09 
-0.17 1.10 
-0.19 1.11 
-0.21 1.12 
-0.23 1.13 
-0.25 1.14 
-0.28 1.15 
-0.30 1.16 
-0.32 1.17 
-0.34 1.18 
-0.37 1.19 
-0.39 1.20 
-0.41 1.21 
-0.44 1.22 
-0.46 1.23 
-0.49 1.24 
-0.52 1.25 
-0.55 1.26 
-0.57 1.27 
-0.60 1.28 
-0.63 1.29 
-0.66 1.30 
-0.69 1.31 
-0.73 1.32 
-0.76 1.33 
-0.79 1.34 
-0.83 1.35 
-0.86 1.36 
-0.90 1.37 
-0.94 1.38 
-0.98 1.39 
-1.02 1.40 
-1.06 1.41 
-1.10 1.42 
-1.15 1.43 
-1.19 1.44 
-1.24 1.45 
-1.29 1.46 
-1.34 1.47 
-1.39 1.48 
-1.44 1.49 
-1.50 1.50 
-1.56 1.51 
-1.62 1.52 
-1.68 1.53 
-1.75 1.54 
-1.81 1.55 
-1.89 1.56 
-1.96 1.57 
-2.04 1.58 
-2.12 1.59 
-2.20 1.60 
-2.29 1.61 
-2.38 1.62 
-2.48 1.63 
-2.58 1.64 
-2.69 1.65 
-2.81 1.66 
-2.93 1.67 
-3.06 1.68 
-3.19 1.69 
-3.34 1.70 
-3.49 1.71 
-3.66 1.72 
-3.83 1.73 
-4.02 1.74 
-4.22 1.75 
-4.45 1.76 
-4.68 1.77 
-4.94 1.78 
-5.23 1.79 
-5.54 1.80 
-5.88 1.81 
-6.26 1.82 
-6.69 1.83 
-7.17 1.84 
-7.71 1.85 
-8.32 1.86 
-9.03 1.87 
-9.86 1.88 
-10.83 1.89 
-12.00 1.90 
-13.42 1.91 
-15.20 1.92 
-17.48 1.93 
-20.52 1.94 
-24.78 1.95 
-31.15 1.96 
-41.77 1.97 
-63.00 1.98 
-126.68 1.99 
127.95 2.01 
64.28 2.02 
43.05 2.03 
32.42 2.04 
26.05 2.05 
21.79 2.06 
18.75 2.07 
16.46 2.08 
14.69 2.09 
13.26 2.10 
12.09 2.11 
11.11 2.12 
10.29 2.13 
9.57 2.14 
8.96 2.15 
8.41 2.16 
7.93 2.17 
7.50 2.18 
7.12 2.19 
6.77 2.20 
6.45 2.21 
6.17 2.22 
5.90 2.23 
5.66 2.24 
5.43 2.25 
5.22 2.26 
5.03 2.27 
4.85 2.28 
4.67 2.29 
4.51 2.30 
4.36 2.31 
4.22 2.32 
4.08 2.33 
3.96 2.34 
3.83 2.35 
3.72 2.36 
3.61 2.37 
3.50 2.38 
3.40 2.39 
3.30 2.40 
3.21 2.41 
3.12 2.42 
3.03 2.43 
2.95 2.44 
2.87 2.45 
2.79 2.46 
2.71 2.47 
2.64 2.48 
2.57 2.49 
2.50 2.50 
2.43 2.51 
2.37 2.52 
2.30 2.53 
2.24 2.54 
2.18 2.55 
2.12 2.56 
2.06 2.57 
2.00 2.58 
1.94 2.59 
1.89 2.60 
1.83 2.61 
1.78 2.62 
1.73 2.63 
1.68 2.64 
1.62 2.65 
1.57 2.66 
1.52 2.67 
1.47 2.68 
1.42 2.69 
1.38 2.70 
1.33 2.71 
1.28 2.72 
1.23 2.73 
1.19 2.74 
1.14 2.75 
1.09 2.76 
1.05 2.77 
1.00 2.78 
0.96 2.79 
0.91 2.80 
0.86 2.81 
0.82 2.82 
0.77 2.83 
0.73 2.84 
0.68 2.85 
0.64 2.86 
0.59 2.87 
0.55 2.88 
0.50 2.89 
0.46 2.90 
0.41 2.91 
0.37 2.92 
0.32 2.93 
0.28 2.94 
0.23 2.95 
0.19 2.96 
0.14 2.97 
0.09 2.98 
0.05 2.99 
-0.05 3.01 
-0.09 3.02 
-0.14 3.03 
-0.19 3.04 
-0.24 3.05 
-0.29 3.06 
-0.34 3.07 
-0.39 3.08 
-0.44 3.09 
-0.49 3.10 
-0.54 3.11 
-0.60 3.12 
-0.65 3.13 
-0.70 3.14 
-0.76 3.15 
-0.81 3.16 
-0.87 3.17 
-0.92 3.18 
-0.98 3.19 
-1.04 3.20 
-1.10 3.21 
-1.16 3.22 
-1.22 3.23 
-1.28 3.24 
-1.35 3.25 
-1.41 3.26 
-1.48 3.27 
-1.54 3.28 
-1.61 3.29 
-1.68 3.30 
-1.75 3.31 
-1.83 3.32 
-1.90 3.33 
-1.98 3.34 
-2.05 3.35 
-2.13 3.36 
-2.21 3.37 
-2.30 3.38 
-2.38 3.39 
-2.47 3.40 
-2.56 3.41 
-2.65 3.42 
-2.75 3.43 
-2.85 3.44 
-2.95 3.45 
-3.05 3.46 
-3.16 3.47 
-3.27 3.48 
-3.38 3.49 
-3.50 3.50 
-3.62 3.51 
-3.75 3.52 
-3.88 3.53 
-4.02 3.54 
-4.16 3.55 
-4.30 3.56 
-4.46 3.57 
-4.62 3.58 
-4.78 3.59 
-4.95 3.60 
-5.14 3.61 
-5.33 3.62 
-5.53 3.63 
-5.74 3.64 
-5.96 3.65 
-6.19 3.66 
-6.43 3.67 
-6.69 3.68 
-6.97 3.69 
-7.26 3.70 
-7.57 3.71 
-7.91 3.72 
-8.26 3.73 
-8.64 3.74 
-9.05 3.75 
-9.50 3.76 
-9.98 3.77 
-10.50 3.78 
-11.07 3.79 
-11.70 3.80 
-12.38 3.81 
-13.15 3.82 
-14.00 3.83 
-14.96 3.84 
-16.04 3.85 
-17.27 3.86 
-18.69 3.87 
-20.34 3.88 
-22.29 3.89 
-24.62 3.90 
-27.47 3.91 
-31.03 3.92 
-35.60 3.93 
-41.68 3.94 
-50.19 3.95 
-62.94 3.96 
-84.18 3.97 
-126.65 3.98 
-253.99 3.99 
255.26 4.01 
127.92 4.02 
85.46 4.03 
64.21 4.04 
51.46 4.05 
42.95 4.06 
36.87 4.07 
32.30 4.08 
28.74 4.09 
25.89 4.10 
23.55 4.11 
21.60 4.12 
19.94 4.13 
18.52 4.14 
17.29 4.15 
16.20 4.16 
15.24 4.17 
14.39 4.18 
13.62 4.19 
12.93 4.20 
12.30 4.21 
11.72 4.22 
11.19 4.23 
10.71 4.24 
10.26 4.25 
9.84 4.26 
9.46 4.27 
9.10 4.28 
8.76 4.29 
8.44 4.30 
8.14 4.31 
7.86 4.32 
7.59 4.33 
7.34 4.34 
7.10 4.35 
6.87 4.36 
6.65 4.37 
6.44 4.38 
6.25 4.39 
6.06 4.40 
5.87 4.41 
5.70 4.42 
5.53 4.43 
5.37 4.44 
5.21 4.45 
5.06 4.46 
4.91 4.47 
4.77 4.48 
4.63 4.49 
4.50 4.50 
4.37 4.51 
4.24 4.52 
4.12 4.53 
4.00 4.54 
3.89 4.55 
3.77 4.56 
3.66 4.57 
3.55 4.58 
3.45 4.59 
3.34 4.60 
3.24 4.61 
3.14 4.62 
3.04 4.63 
2.94 4.64 
2.85 4.65 
2.76 4.66 
2.66 4.67 
2.57 4.68 
2.48 4.69 
2.39 4.70 
2.31 4.71 
2.22 4.72 
2.14 4.73 
2.05 4.74 
1.97 4.75 
1.88 4.76 
1.80 4.77 
1.72 4.78 
1.64 4.79 
1.56 4.80 
1.48 4.81 
1.40 4.82 
1.32 4.83 
1.24 4.84 
1.16 4.85 
1.09 4.86 
1.01 4.87 
0.93 4.88 
0.85 4.89 
0.78 4.90 
0.70 4.91 
0.62 4.92 
0.54 4.93 
0.47 4.94 
0.39 4.95 
0.31 4.96 
0.23 4.97 
0.16 4.98 
0.08 4.99 
-0.08 5.01 
-0.16 5.02 
-0.24 5.03 
-0.32 5.04 
-0.40 5.05 
-0.48 5.06 
-0.56 5.07 
-0.64 5.08 
-0.72 5.09 
-0.81 5.10 
-0.89 5.11 
-0.98 5.12 
-1.06 5.13 
-1.15 5.14 
-1.24 5.15 
-1.32 5.16 
-1.41 5.17 
-1.50 5.18 
-1.60 5.19 
-1.69 5.20 
-1.78 5.21 
-1.88 5.22 
-1.98 5.23 
-2.07 5.24 
-2.17 5.25 
-2.28 5.26 
-2.38 5.27 
-2.48 5.28 
-2.59 5.29 
-2.70 5.30 
-2.81 5.31 
-2.92 5.32 
-3.04 5.33 
-3.16 5.34 
-3.28 5.35 
-3.40 5.36 
-3.53 5.37 
-3.66 5.38 
-3.79 5.39 
-3.92 5.40 
-4.06 5.41 
-4.20 5.42 
-4.35 5.43 
-4.50 5.44 
-4.65 5.45 
-4.81 5.46 
-4.98 5.47 
-5.15 5.48 
-5.32 5.49 
-5.50 5.50 
-5.69 5.51 
-5.88 5.52 
-6.08 5.53 
-6.28 5.54 
-6.50 5.55 
-6.72 5.56 
-6.95 5.57 
-7.19 5.58 
-7.45 5.59 
-7.71 5.60 
-7.98 5.61 
-8.27 5.62 
-8.57 5.63 
-8.89 5.64 
-9.22 5.65 
-9.57 5.66 
-9.94 5.67 
-10.33 5.68 
-10.75 5.69 
-11.19 5.70 
-11.66 5.71 
-12.16 5.72 
-12.69 5.73 
-13.26 5.74 
-13.88 5.75 
-14.55 5.76 
-15.27 5.77 
-16.05 5.78 
-16.91 5.79 
-17.85 5.80 
-18.89 5.81 
-20.03 5.82 
-21.31 5.83 
-22.75 5.84 
-24.37 5.85 
-26.22 5.86 
-28.35 5.87 
-30.82 5.88 
-33.75 5.89 
-37.25 5.90 
-41.53 5.91 
-46.86 5.92 
-53.71 5.93 
-62.84 5.94 
-75.60 5.95 
-94.73 5.96 
-126.59 5.97 
-190.29 5.98 
-381.30 5.99 
382.58 6.01 
191.56 6.02 
127.87 6.03 
96.00 6.04 
76.87 6.05 
64.11 6.06 
54.98 6.07 
48.13 6.08 
42.79 6.09 
38.51 6.10 
35.01 6.11 
32.08 6.12 
29.60 6.13 
27.47 6.14 
25.62 6.15 
23.99 6.16 
22.55 6.17 
21.27 6.18 
20.12 6.19 
19.08 6.20 
18.14 6.21 
17.28 6.22 
16.49 6.23 
15.76 6.24 
15.09 6.25 
14.47 6.26 
13.89 6.27 
13.35 6.28 
12.84 6.29 
12.36 6.30 
11.92 6.31 
11.50 6.32 
11.10 6.33 
10.72 6.34 
10.36 6.35 
10.02 6.36 
9.70 6.37 
9.39 6.38 
9.09 6.39 
8.81 6.40 
8.54 6.41 
8.28 6.42 
8.03 6.43 
7.78 6.44 
7.55 6.45 
7.33 6.46 
7.11 6.47 
6.90 6.48 
6.70 6.49 
6.50 6.50 
6.31 6.51 
6.12 6.52 
5.94 6.53 
5.77 6.54 
5.59 6.55 
5.43 6.56 
5.26 6.57 
5.10 6.58 
4.95 6.59 
4.80 6.60 
4.65 6.61 
4.50 6.62 
4.36 6.63 
4.21 6.64 
4.08 6.65 
3.94 6.66 
3.80 6.67 
3.67 6.68 
3.54 6.69 
3.41 6.70 
3.29 6.71 
3.16 6.72 
3.04 6.73 
2.92 6.74 
2.80 6.75 
2.68 6.76 
2.56 6.77 
2.44 6.78 
2.32 6.79 
2.21 6.80 
2.10 6.81 
1.98 6.82 
1.87 6.83 
1.76 6.84 
1.64 6.85 
1.53 6.86 
1.42 6.87 
1.31 6.88 
1.20 6.89 
1.09 6.90 
0.98 6.91 
0.87 6.92 
0.77 6.93 
0.66 6.94 
0.55 6.95 
0.44 6.96 
0.33 6.97 
0.22 6.98 
0.11 6.99 
-0.11 7.01 
-0.22 7.02 
-0.33 7.03 
-0.44 7.04 
-0.55 7.05 
-0.67 7.06 
-0.78 7.07 
-0.89 7.08 
-1.01 7.09 
-1.12 7.10 
-1.24 7.11 
-1.36 7.12 
-1.48 7.13 
-1.60 7.14 
-1.72 7.15 
-1.84 7.16 
-1.96 7.17 
-2.09 7.18 
-2.21 7.19 
-2.34 7.20 
-2.47 7.21 
-2.60 7.22 
-2.73 7.23 
-2.87 7.24 
-3.00 7.25 
-3.14 7.26 
-3.28 7.27 
-3.43 7.28 
-3.57 7.29 
-3.72 7.30 
-3.87 7.31 
-4.02 7.32 
-4.18 7.33 
-4.34 7.34 
-4.50 7.35 
-4.67 7.36 
-4.84 7.37 
-5.02 7.38 
-5.19 7.39 
-5.38 7.40 
-5.56 7.41 
-5.76 7.42 
-5.95 7.43 
-6.15 7.44 
-6.36 7.45 
-6.58 7.46 
-6.80 7.47 
-7.02 7.48 
-7.26 7.49 
-7.50 7.50 
-7.75 7.51 
-8.01 7.52 
-8.28 7.53 
-8.55 7.54 
-8.84 7.55 
-9.14 7.56 
-9.45 7.57 
-9.77 7.58 
-10.11 7.59 
-10.46 7.60 
-10.83 7.61 
-11.21 7.62 
-11.62 7.63 
-12.04 7.64 
-12.48 7.65 
-12.95 7.66 
-13.45 7.67 
-13.97 7.68 
-14.52 7.69 
-15.11 7.70 
-15.74 7.71 
-16.41 7.72 
-17.12 7.73 
-17.89 7.74 
-18.71 7.75 
-19.60 7.76 
-20.56 7.77 
-21.61 7.78 
-22.75 7.79 
-24.01 7.80 
-25.39 7.81 
-26.92 7.82 
-28.62 7.83 
-30.53 7.84 
-32.70 7.85 
-35.16 7.86 
-38.00 7.87 
-41.31 7.88 
-45.21 7.89 
-49.88 7.90 
-55.58 7.91 
-62.69 7.92 
-71.83 7.93 
-84.00 7.94 
-101.01 7.95 
-126.52 7.96 
-169.00 7.97 
-253.93 7.98 
-508.62 7.99 
509.89 8.01 
255.20 8.02 
170.28 8.03 
127.79 8.04 
102.28 8.05 
85.27 8.06 
73.10 8.07 
63.96 8.08 
56.84 8.09 
51.14 8.10 
46.47 8.11 
42.57 8.12 
39.26 8.13 
36.42 8.14 
33.95 8.15 
31.78 8.16 
29.86 8.17 
28.16 8.18 
26.62 8.19 
25.24 8.20 
23.98 8.21 
22.83 8.22 
21.78 8.23 
20.81 8.24 
19.92 8.25 
19.09 8.26 
18.32 8.27 
17.60 8.28 
16.92 8.29 
16.29 8.30 
15.69 8.31 
15.13 8.32 
14.60 8.33 
14.10 8.34 
13.63 8.35 
13.17 8.36 
12.74 8.37 
12.33 8.38 
11.94 8.39 
11.56 8.40 
11.20 8.41 
10.85 8.42 
10.52 8.43 
10.20 8.44 
9.89 8.45 
9.60 8.46 
9.31 8.47 
9.03 8.48 
8.76 8.49 
8.50 8.50 
8.25 8.51 
8.00 8.52 
7.76 8.53 
7.53 8.54 
7.30 8.55 
7.08 8.56 
6.87 8.57 
6.66 8.58 
6.45 8.59 
6.25 8.60 
6.05 8.61 
5.86 8.62 
5.67 8.63 
5.48 8.64 
5.30 8.65 
5.12 8.66 
4.95 8.67 
4.77 8.68 
4.60 8.69 
4.43 8.70 
4.27 8.71 
4.10 8.72 
3.94 8.73 
3.78 8.74 
3.62 8.75 
3.47 8.76 
3.31 8.77 
3.16 8.78 
3.01 8.79 
2.86 8.80 
2.71 8.81 
2.56 8.82 
2.42 8.83 
2.27 8.84 
2.12 8.85 
1.98 8.86 
1.84 8.87 
1.69 8.88 
1.55 8.89 
1.41 8.90 
1.27 8.91 
1.13 8.92 
0.99 8.93 
0.85 8.94 
0.70 8.95 
0.56 8.96 
0.42 8.97 
0.28 8.98 
0.14 8.99 
-0.14 9.01 
-0.28 9.02 
-0.43 9.03 
-0.57 9.04 
-0.71 9.05 
-0.86 9.06 
-1.00 9.07 
-1.15 9.08 
-1.29 9.09 
-1.44 9.10 
-1.59 9.11 
-1.74 9.12 
-1.89 9.13 
-2.04 9.14 
-2.20 9.15 
-2.35 9.16 
-2.51 9.17 
-2.67 9.18 
-2.83 9.19 
-2.99 9.20 
-3.15 9.21 
-3.32 9.22 
-3.49 9.23 
-3.66 9.24 
-3.83 9.25 
-4.01 9.26 
-4.19 9.27 
-4.37 9.28 
-4.55 9.29 
-4.74 9.30 
-4.93 9.31 
-5.12 9.32 
-5.32 9.33 
-5.52 9.34 
-5.73 9.35 
-5.94 9.36 
-6.15 9.37 
-6.37 9.38 
-6.60 9.39 
-6.83 9.40 
-7.07 9.41 
-7.31 9.42 
-7.55 9.43 
-7.81 9.44 
-8.07 9.45 
-8.34 9.46 
-8.62 9.47 
-8.90 9.48 
-9.20 9.49 
-9.50 9.50 
-9.81 9.51 
-10.14 9.52 
-10.47 9.53 
-10.82 9.54 
-11.18 9.55 
-11.56 9.56 
-11.95 9.57 
-12.35 9.58 
-12.77 9.59 
-13.21 9.60 
-13.67 9.61 
-14.16 9.62 
-14.66 9.63 
-15.19 9.64 
-15.75 9.65 
-16.33 9.66 
-16.95 9.67 
-17.61 9.68 
-18.30 9.69 
-19.04 9.70 
-19.82 9.71 
-20.66 9.72 
-21.55 9.73 
-22.51 9.74 
-23.54 9.75 
-24.65 9.76 
-25.86 9.77 
-27.16 9.78 
-28.59 9.79 
-30.16 9.80 
-31.89 9.81 
-33.80 9.82 
-35.93 9.83 
-38.32 9.84 
-41.03 9.85 
-44.11 9.86 
-47.66 9.87 
-51.79 9.88 
-56.67 9.89 
-62.51 9.90 
-69.63 9.91 
-78.52 9.92 
-89.94 9.93 
-105.15 9.94 
-126.43 9.95 
-158.31 9.96 
-211.41 9.97 
-317.57 9.98 
-635.93 9.99 
